


(instrumento1 0 (instrumento1 0 (instrumento1 0 (instrumento1 0 (instrumento1 1 


(instrumento2 0 (instrumento2 0 (instrumento2 0 (instrumento2 0 (instrumento2 0 (instrumento2 0 (instrumento2 0 (instrumento2 0 960 293.6647658952911 1.0)
(instrumento2 960 960 293.6647658952911 1.0)
(instrumento2 1920 2880 220.0 1.0)
(instrumento2 4800 480 391.9954305833461 1.0)
(instrumento2 5280 480 220.0 1.0)
(instrumento2 5760 960 349.22823624243443 1.0)
(instrumento2 6720 480 329.62755237337205 1.0)
(instrumento2 7200 480 293.6647658952911 1.0)
(instrumento2 7680 480 329.62755237337205 1.0)
(instrumento2 8160 480 349.22823624243443 1.0)
(instrumento2 8640 3840 391.9954305833461 1.0)
(instrumento2 12480 960 220.0 1.0)
(instrumento2 13440 960 329.62755237337205 1.0)
(instrumento2 14400 480 293.6647658952911 1.0)
(instrumento2 14880 480 261.6255653005986 1.0)
(instrumento2 15360 960 110.0 1.0)
(instrumento2 16320 960 110.0 1.0)
(instrumento2 17280 2880 293.6647658952911 1.0)
(instrumento2 20160 960 329.62755237337205 1.0)
(instrumento2 21120 960 293.6647658952911 1.0)
(instrumento2 22080 480 261.6255653005986 1.0)
(instrumento2 22560 480 123.47082191325015 1.0)
(instrumento2 23040 480 261.6255653005986 1.0)
(instrumento2 23520 480 123.47082191325015 1.0)
(instrumento2 24000 3840 110.0 1.0)
(instrumento2 27840 960 123.47082191325015 1.0)
(instrumento2 28800 960 261.6255653005986 1.0)
(instrumento2 29760 960 329.62755237337205 1.0)
(instrumento2 30720 960 293.6647658952911 1.0)
(instrumento2 31680 960 293.6647658952911 1.0)
(instrumento2 32640 2880 220.0 1.0)
(instrumento2 35520 480 391.9954305833461 1.0)
(instrumento2 36000 480 220.0 1.0)
(instrumento2 36480 960 349.22823624243443 1.0)
(instrumento2 37440 480 329.62755237337205 1.0)
(instrumento2 37920 480 293.6647658952911 1.0)
(instrumento2 38400 480 329.62755237337205 1.0)
(instrumento2 38880 480 349.22823624243443 1.0)
(instrumento2 39360 3840 391.9954305833461 1.0)
(instrumento2 43200 960 220.0 1.0)
(instrumento2 44160 960 329.62755237337205 1.0)
(instrumento2 45120 480 293.6647658952911 1.0)
(instrumento2 45600 480 261.6255653005986 1.0)
(instrumento2 46080 960 110.0 1.0)
(instrumento2 47040 960 110.0 1.0)
(instrumento2 48000 2880 293.6647658952911 1.0)
(instrumento2 50880 960 329.62755237337205 1.0)
(instrumento2 51840 960 293.6647658952911 1.0)
(instrumento2 52800 480 261.6255653005986 1.0)
(instrumento2 53280 480 123.47082191325015 1.0)
(instrumento2 53760 480 261.6255653005986 1.0)
(instrumento2 54240 480 123.47082191325015 1.0)
(instrumento2 54720 3840 110.0 1.0)
(instrumento2 58560 960 123.47082191325015 1.0)
(instrumento2 59520 960 261.6255653005986 1.0)
(instrumento2 60480 960 329.62755237337205 1.0)
(instrumento2 61440 960 293.6647658952911 1.0)
(instrumento2 62400 960 293.6647658952911 1.0)
(instrumento2 63360 2880 349.22823624243443 1.0)
(instrumento2 66240 960 391.9954305833461 1.0)
(instrumento2 67200 960 349.22823624243443 1.0)
(instrumento2 68160 480 329.62755237337205 1.0)
(instrumento2 68640 480 293.6647658952911 1.0)
(instrumento2 69120 480 329.62755237337205 1.0)
(instrumento2 69600 480 349.22823624243443 1.0)
(instrumento2 70080 3840 391.9954305833461 1.0)
(instrumento2 73920 960 207.6523516496771 1.0)
(instrumento2 74880 960 391.9954305833461 1.0)
(instrumento2 75840 960 329.62755237337205 1.0)
(instrumento2 76800 960 207.6523516496771 1.0)
(instrumento2 77760 960 207.6523516496771 1.0)
(instrumento2 78720 2880 523.2511306011972 1.0)
(instrumento2 81600 960 587.3295317905822 1.0)
(instrumento2 82560 960 523.2511306011972 1.0)
(instrumento2 83520 480 233.08188717886458 1.0)
(instrumento2 84000 480 207.6523516496771 1.0)
(instrumento2 84480 480 391.9954305833461 1.0)
(instrumento2 84960 480 349.22823624243443 1.0)
(instrumento2 85440 3840 329.62755237337205 1.0)
(instrumento2 89280 960 349.22823624243443 1.0)
(instrumento2 90240 960 391.9954305833461 1.0)
(instrumento2 91200 480 349.22823624243443 1.0)
(instrumento2 91680 480 329.62755237337205 1.0)
(instrumento2 92160 960 293.6647658952911 1.0)
(instrumento2 93120 960 293.6647658952911 1.0)
(instrumento2 94080 2880 349.22823624243443 1.0)
(instrumento2 96960 960 391.9954305833461 1.0)
(instrumento2 97920 960 349.22823624243443 1.0)
(instrumento2 98880 480 329.62755237337205 1.0)
(instrumento2 99360 480 293.6647658952911 1.0)
(instrumento2 99840 480 261.6255653005986 1.0)
(instrumento2 100320 480 293.6647658952911 1.0)
(instrumento2 100800 3840 329.62755237337205 1.0)
(instrumento2 104640 960 349.22823624243443 1.0)
(instrumento2 105600 960 329.62755237337205 1.0)
(instrumento2 106560 960 261.6255653005986 1.0)
(instrumento2 107520 960 293.6647658952911 1.0)
(instrumento2 108480 960 293.6647658952911 1.0)
(instrumento2 109440 2880 220.0 1.0)
(instrumento2 112320 480 391.9954305833461 1.0)
(instrumento2 112800 480 220.0 1.0)
(instrumento2 113280 960 349.22823624243443 1.0)
(instrumento2 114240 480 329.62755237337205 1.0)
(instrumento2 114720 480 293.6647658952911 1.0)
(instrumento2 115200 6720 329.62755237337205 1.0)
(instrumento2 122880 960 293.6647658952911 1.0)
(instrumento2 123840 960 293.6647658952911 1.0)
(instrumento2 124800 2880 220.0 1.0)
(instrumento2 127680 480 391.9954305833461 1.0)
(instrumento2 128160 480 220.0 1.0)
(instrumento2 128640 960 349.22823624243443 1.0)
(instrumento2 129600 480 329.62755237337205 1.0)
(instrumento2 130080 480 293.6647658952911 1.0)
(instrumento2 130560 480 329.62755237337205 1.0)
(instrumento2 131040 480 349.22823624243443 1.0)
(instrumento2 131520 3840 391.9954305833461 1.0)
(instrumento2 135360 960 220.0 1.0)
(instrumento2 136320 960 329.62755237337205 1.0)
(instrumento2 137280 480 293.6647658952911 1.0)
(instrumento2 137760 480 261.6255653005986 1.0)
(instrumento2 138240 960 110.0 1.0)
(instrumento2 139200 960 110.0 1.0)
(instrumento2 140160 2880 293.6647658952911 1.0)
(instrumento2 143040 960 329.62755237337205 1.0)
(instrumento2 144000 960 293.6647658952911 1.0)
(instrumento2 144960 480 261.6255653005986 1.0)
(instrumento2 145440 480 123.47082191325015 1.0)
(instrumento2 145920 480 261.6255653005986 1.0)
(instrumento2 146400 480 123.47082191325015 1.0)
(instrumento2 146880 3840 110.0 1.0)
(instrumento2 150720 480 391.9954305833461 1.0)
(instrumento2 151200 480 220.0 1.0)
(instrumento2 151680 960 391.9954305833461 1.0)
(instrumento2 152640 480 349.22823624243443 1.0)
(instrumento2 153120 480 329.62755237337205 1.0)
(instrumento2 153600 960 293.6647658952911 1.0)
(instrumento2 154560 960 293.6647658952911 1.0)
(instrumento2 155520 2880 349.22823624243443 1.0)
(instrumento2 158400 960 391.9954305833461 1.0)
(instrumento2 159360 960 349.22823624243443 1.0)
(instrumento2 160320 480 329.62755237337205 1.0)
(instrumento2 160800 480 293.6647658952911 1.0)
(instrumento2 161280 480 329.62755237337205 1.0)
(instrumento2 161760 480 293.6647658952911 1.0)
(instrumento2 162240 5760 261.6255653005986 1.0)
(instrumento2 168001 


(instrumento3 0 (instrumento3 0 (instrumento3 0 (instrumento3 0 (instrumento3 0 (instrumento3 0 (instrumento3 0 1920 440.0 1.0)
(instrumento3 1920 960 261.6255653005986 1.0)
(instrumento3 2880 960 349.22823624243443 1.0)
(instrumento3 2880 960 220.0 1.0)
(instrumento3 2880 960 698.4564724848689 1.0)
(instrumento3 3840 960 261.6255653005986 1.0)
(instrumento3 3840 960 349.22823624243443 1.0)
(instrumento3 3840 960 220.0 1.0)
(instrumento3 3840 960 246.9416438265003 1.0)
(instrumento3 5760 1920 587.3295317905822 1.0)
(instrumento3 7680 0 123.47082191325015 1.0)
(instrumento3 7680 0 293.6647658952911 1.0)
(instrumento3 7680 0 349.22823624243443 1.0)
(instrumento3 7680 1920 783.9908611666922 1.0)
(instrumento3 9600 960 261.6255653005986 1.0)
(instrumento3 10560 960 329.62755237337205 1.0)
(instrumento3 10560 960 391.9954305833461 1.0)
(instrumento3 10560 960 659.2551047467441 1.0)
(instrumento3 11520 960 261.6255653005986 1.0)
(instrumento3 11520 960 329.62755237337205 1.0)
(instrumento3 11520 960 391.9954305833461 1.0)
(instrumento3 11520 960 220.0 1.0)
(instrumento3 13440 1920 523.2511306011972 1.0)
(instrumento3 15360 0 261.6255653005986 1.0)
(instrumento3 15360 0 329.62755237337205 1.0)
(instrumento3 15360 0 391.9954305833461 1.0)
(instrumento3 15360 1920 698.4564724848689 1.0)
(instrumento3 17280 960 293.6647658952911 1.0)
(instrumento3 18240 960 349.22823624243443 1.0)
(instrumento3 18240 960 220.0 1.0)
(instrumento3 19200 0 293.6647658952911 1.0)
(instrumento3 19200 0 349.22823624243443 1.0)
(instrumento3 19200 960 246.9416438265003 1.0)
(instrumento3 20160 960 523.2511306011972 1.0)
(instrumento3 21120 960 246.9416438265003 1.0)
(instrumento3 22080 960 587.3295317905822 1.0)
(instrumento3 23040 0 293.6647658952911 1.0)
(instrumento3 23040 0 349.22823624243443 1.0)
(instrumento3 23040 1920 220.0 1.0)
(instrumento3 24960 960 110.0 1.0)
(instrumento3 25920 960 261.6255653005986 1.0)
(instrumento3 25920 960 329.62755237337205 1.0)
(instrumento3 25920 960 523.2511306011972 1.0)
(instrumento3 26880 0 110.0 1.0)
(instrumento3 26880 0 261.6255653005986 1.0)
(instrumento3 26880 0 329.62755237337205 1.0)
(instrumento3 26880 960 220.0 1.0)
(instrumento3 27840 960 391.9954305833461 1.0)
(instrumento3 28800 19 220.0 1.0)
(instrumento3 30671 911 523.2511306011972 1.0)
(instrumento3 30720 0 110.0 1.0)
(instrumento3 30720 0 261.6255653005986 1.0)
(instrumento3 30720 0 329.62755237337205 1.0)
(instrumento3 30720 1920 440.0 1.0)
(instrumento3 32640 960 261.6255653005986 1.0)
(instrumento3 33600 960 349.22823624243443 1.0)
(instrumento3 33600 960 220.0 1.0)
(instrumento3 33600 960 698.4564724848689 1.0)
(instrumento3 34560 960 261.6255653005986 1.0)
(instrumento3 34560 960 349.22823624243443 1.0)
(instrumento3 34560 960 220.0 1.0)
(instrumento3 34560 960 246.9416438265003 1.0)
(instrumento3 36480 1920 587.3295317905822 1.0)
(instrumento3 38400 0 123.47082191325015 1.0)
(instrumento3 38400 0 293.6647658952911 1.0)
(instrumento3 38400 0 349.22823624243443 1.0)
(instrumento3 38400 1920 783.9908611666922 1.0)
(instrumento3 40320 960 261.6255653005986 1.0)
(instrumento3 41280 960 329.62755237337205 1.0)
(instrumento3 41280 960 391.9954305833461 1.0)
(instrumento3 41280 960 659.2551047467441 1.0)
(instrumento3 42240 960 261.6255653005986 1.0)
(instrumento3 42240 960 329.62755237337205 1.0)
(instrumento3 42240 960 391.9954305833461 1.0)
(instrumento3 42240 960 220.0 1.0)
(instrumento3 44160 1920 523.2511306011972 1.0)
(instrumento3 46080 0 261.6255653005986 1.0)
(instrumento3 46080 0 329.62755237337205 1.0)
(instrumento3 46080 0 391.9954305833461 1.0)
(instrumento3 46080 1920 698.4564724848689 1.0)
(instrumento3 48000 960 293.6647658952911 1.0)
(instrumento3 48960 960 349.22823624243443 1.0)
(instrumento3 48960 960 220.0 1.0)
(instrumento3 49920 0 293.6647658952911 1.0)
(instrumento3 49920 0 349.22823624243443 1.0)
(instrumento3 49920 960 246.9416438265003 1.0)
(instrumento3 50880 960 523.2511306011972 1.0)
(instrumento3 51840 960 246.9416438265003 1.0)
(instrumento3 52800 960 587.3295317905822 1.0)
(instrumento3 53760 0 293.6647658952911 1.0)
(instrumento3 53760 0 349.22823624243443 1.0)
(instrumento3 53760 1920 220.0 1.0)
(instrumento3 55680 960 110.0 1.0)
(instrumento3 56640 960 261.6255653005986 1.0)
(instrumento3 56640 960 329.62755237337205 1.0)
(instrumento3 56640 960 523.2511306011972 1.0)
(instrumento3 57600 0 110.0 1.0)
(instrumento3 57600 0 261.6255653005986 1.0)
(instrumento3 57600 0 329.62755237337205 1.0)
(instrumento3 57600 960 220.0 1.0)
(instrumento3 58560 960 391.9954305833461 1.0)
(instrumento3 59520 960 220.0 1.0)
(instrumento3 60480 960 523.2511306011972 1.0)
(instrumento3 61440 0 110.0 1.0)
(instrumento3 61440 0 261.6255653005986 1.0)
(instrumento3 61440 0 329.62755237337205 1.0)
(instrumento3 61440 960 103.82617582483854 1.0)
(instrumento3 62400 960 261.6255653005986 1.0)
(instrumento3 63360 960 207.6523516496771 1.0)
(instrumento3 64320 960 523.2511306011972 1.0)
(instrumento3 64320 0 349.22823624243443 1.0)
(instrumento3 64320 960 207.6523516496771 1.0)
(instrumento3 65280 960 523.2511306011972 1.0)
(instrumento3 65280 0 261.6255653005986 1.0)
(instrumento3 65280 960 103.82617582483854 1.0)
(instrumento3 66240 960 261.6255653005986 1.0)
(instrumento3 67200 960 207.6523516496771 1.0)
(instrumento3 68160 960 523.2511306011972 1.0)
(instrumento3 68160 0 349.22823624243443 1.0)
(instrumento3 68160 960 207.6523516496771 1.0)
(instrumento3 69120 960 523.2511306011972 1.0)
(instrumento3 69120 0 261.6255653005986 1.0)
(instrumento3 69120 960 195.99771529167305 1.0)
(instrumento3 70080 960 261.6255653005986 1.0)
(instrumento3 71040 960 329.62755237337205 1.0)
(instrumento3 72000 960 391.9954305833461 1.0)
(instrumento3 72960 960 523.2511306011972 1.0)
(instrumento3 72960 0 261.6255653005986 1.0)
(instrumento3 72960 960 195.99771529167305 1.0)
(instrumento3 73920 960 261.6255653005986 1.0)
(instrumento3 74880 960 329.62755237337205 1.0)
(instrumento3 75840 960 391.9954305833461 1.0)
(instrumento3 76800 960 523.2511306011972 1.0)
(instrumento3 76800 0 261.6255653005986 1.0)
(instrumento3 76800 960 174.61411812121722 1.0)
(instrumento3 77760 960 261.6255653005986 1.0)
(instrumento3 78720 960 349.22823624243443 1.0)
(instrumento3 79680 960 523.2511306011972 1.0)
(instrumento3 79680 960 587.3295317905822 1.0)
(instrumento3 79680 0 293.6647658952911 1.0)
(instrumento3 79680 960 349.22823624243443 1.0)
(instrumento3 80640 960 523.2511306011972 1.0)
(instrumento3 80640 960 587.3295317905822 1.0)
(instrumento3 80640 0 261.6255653005986 1.0)
(instrumento3 80640 960 174.61411812121722 1.0)
(instrumento3 81600 960 261.6255653005986 1.0)
(instrumento3 82560 960 349.22823624243443 1.0)
(instrumento3 83520 960 523.2511306011972 1.0)
(instrumento3 83520 960 587.3295317905822 1.0)
(instrumento3 83520 0 293.6647658952911 1.0)
(instrumento3 83520 960 349.22823624243443 1.0)
(instrumento3 84480 960 523.2511306011972 1.0)
(instrumento3 84480 960 587.3295317905822 1.0)
(instrumento3 84480 0 261.6255653005986 1.0)
(instrumento3 84480 960 195.99771529167305 1.0)
(instrumento3 85440 960 261.6255653005986 1.0)
(instrumento3 86400 960 329.62755237337205 1.0)
(instrumento3 87360 960 391.9954305833461 1.0)
(instrumento3 88320 960 523.2511306011972 1.0)
(instrumento3 88320 0 261.6255653005986 1.0)
(instrumento3 88320 960 195.99771529167305 1.0)
(instrumento3 89280 960 261.6255653005986 1.0)
(instrumento3 90240 960 329.62755237337205 1.0)
(instrumento3 91200 960 391.9954305833461 1.0)
(instrumento3 92160 960 523.2511306011972 1.0)
(instrumento3 92160 0 261.6255653005986 1.0)
(instrumento3 92160 960 174.61411812121722 1.0)
(instrumento3 93120 960 110.0 1.0)
(instrumento3 94080 960 261.6255653005986 1.0)
(instrumento3 95040 960 349.22823624243443 1.0)
(instrumento3 96000 960 220.0 1.0)
(instrumento3 96000 960 523.2511306011972 1.0)
(instrumento3 96000 0 110.0 1.0)
(instrumento3 96000 960 146.83238294764556 1.0)
(instrumento3 96960 960 110.0 1.0)
(instrumento3 97920 960 123.47082191325015 1.0)
(instrumento3 98880 960 293.6647658952911 1.0)
(instrumento3 99840 960 220.0 1.0)
(instrumento3 99840 960 246.9416438265003 1.0)
(instrumento3 99840 0 110.0 1.0)
(instrumento3 99840 960 55.0 1.0)
(instrumento3 100800 960 130.8127826502993 1.0)
(instrumento3 101760 960 164.81377618668603 1.0)
(instrumento3 102720 960 220.0 1.0)
(instrumento3 103680 960 523.2511306011972 1.0)
(instrumento3 103680 960 659.2551047467441 1.0)
(instrumento3 103680 0 110.0 1.0)
(instrumento3 103680 960 261.6255653005986 1.0)
(instrumento3 104640 960 329.62755237337205 1.0)
(instrumento3 105600 960 261.6255653005986 1.0)
(instrumento3 106560 960 220.0 1.0)
(instrumento3 107520 960 523.2511306011972 1.0)
(instrumento3 107520 0 110.0 1.0)
(instrumento3 107520 960 146.83238294764556 1.0)
(instrumento3 108480 960 174.61411812121722 1.0)
(instrumento3 109440 960 110.0 1.0)
(instrumento3 110400 960 293.6647658952911 1.0)
(instrumento3 111360 960 349.22823624243443 1.0)
(instrumento3 111360 960 220.0 1.0)
(instrumento3 111360 0 174.61411812121722 1.0)
(instrumento3 111360 960 146.83238294764556 1.0)
(instrumento3 112320 960 174.61411812121722 1.0)
(instrumento3 113280 960 123.47082191325015 1.0)
(instrumento3 114240 960 293.6647658952911 1.0)
(instrumento3 115200 960 349.22823624243443 1.0)
(instrumento3 115200 960 246.9416438265003 1.0)
(instrumento3 115200 0 174.61411812121722 1.0)
(instrumento3 115200 960 164.81377618668603 1.0)
(instrumento3 116160 960 103.82617582483854 1.0)
(instrumento3 117120 960 123.47082191325015 1.0)
(instrumento3 118080 960 329.62755237337205 1.0)
(instrumento3 119040 960 207.6523516496771 1.0)
(instrumento3 119040 960 246.9416438265003 1.0)
(instrumento3 119040 960 659.2551047467441 1.0)
(instrumento3 119040 0 329.62755237337205 1.0)
(instrumento3 119040 2880 659.2551047467441 1.0)
(instrumento3 121920 2880 415.3047032993542 1.0)
(instrumento3 121920 2880 493.8832876530006 1.0)
(instrumento3 121920 2880 329.62755237337205 1.0)
(instrumento3 121920 2880 207.6523516496771 1.0)
(instrumento3 121920 2880 246.9416438265003 1.0)
(instrumento3 122880 960 261.6255653005986 1.0)
(instrumento3 123840 960 587.3295317905822 1.0)
(instrumento3 124800 960 698.4564724848689 1.0)
(instrumento3 124800 960 440.0 1.0)
(instrumento3 124800 0 349.22823624243443 1.0)
(instrumento3 124800 960 220.0 1.0)
(instrumento3 125760 960 587.3295317905822 1.0)
(instrumento3 126720 960 698.4564724848689 1.0)
(instrumento3 126720 960 349.22823624243443 1.0)
(instrumento3 126720 0 123.47082191325015 1.0)
(instrumento3 127680 960 391.9954305833461 1.0)
(instrumento3 128640 960 246.9416438265003 1.0)
(instrumento3 128640 0 293.6647658952911 1.0)
(instrumento3 128640 960 349.22823624243443 1.0)
(instrumento3 129600 960 246.9416438265003 1.0)
(instrumento3 130560 960 587.3295317905822 1.0)
(instrumento3 130560 0 293.6647658952911 1.0)
(instrumento3 130560 960 261.6255653005986 1.0)
(instrumento3 131520 960 523.2511306011972 1.0)
(instrumento3 132480 960 659.2551047467441 1.0)
(instrumento3 132480 960 783.9908611666922 1.0)
(instrumento3 132480 0 329.62755237337205 1.0)
(instrumento3 132480 960 391.9954305833461 1.0)
(instrumento3 133440 960 523.2511306011972 1.0)
(instrumento3 134400 960 659.2551047467441 1.0)
(instrumento3 134400 960 329.62755237337205 1.0)
(instrumento3 134400 0 261.6255653005986 1.0)
(instrumento3 135360 960 391.9954305833461 1.0)
(instrumento3 136320 960 220.0 1.0)
(instrumento3 136320 0 329.62755237337205 1.0)
(instrumento3 136320 960 391.9954305833461 1.0)
(instrumento3 137280 960 220.0 1.0)
(instrumento3 138240 960 523.2511306011972 1.0)
(instrumento3 138240 0 329.62755237337205 1.0)
(instrumento3 138240 960 293.6647658952911 1.0)
(instrumento3 139200 960 220.0 1.0)
(instrumento3 140160 960 587.3295317905822 1.0)
(instrumento3 140160 960 698.4564724848689 1.0)
(instrumento3 140160 0 349.22823624243443 1.0)
(instrumento3 140160 960 220.0 1.0)
(instrumento3 141120 960 220.0 1.0)
(instrumento3 142080 960 698.4564724848689 1.0)
(instrumento3 142080 0 349.22823624243443 1.0)
(instrumento3 142080 960 246.9416438265003 1.0)
(instrumento3 143040 0 293.6647658952911 1.0)
(instrumento3 143040 960 523.2511306011972 1.0)
(instrumento3 144000 0 349.22823624243443 1.0)
(instrumento3 144000 960 246.9416438265003 1.0)
(instrumento3 144960 0 220.0 1.0)
(instrumento3 144960 960 587.3295317905822 1.0)
(instrumento3 145920 0 349.22823624243443 1.0)
(instrumento3 145920 960 110.0 1.0)
(instrumento3 146880 960 220.0 1.0)
(instrumento3 147840 960 523.2511306011972 1.0)
(instrumento3 147840 0 261.6255653005986 1.0)
(instrumento3 147840 960 329.62755237337205 1.0)
(instrumento3 148800 960 220.0 1.0)
(instrumento3 149760 960 523.2511306011972 1.0)
(instrumento3 149760 0 261.6255653005986 1.0)
(instrumento3 149760 960 195.99771529167305 1.0)
(instrumento3 150720 960 391.9954305833461 1.0)
(instrumento3 151680 960 554.3652657709918 1.0)
(instrumento3 151680 0 277.1826328854959 1.0)
(instrumento3 151680 960 329.62755237337205 1.0)
(instrumento3 152640 960 391.9954305833461 1.0)
(instrumento3 153600 960 554.3652657709918 1.0)
(instrumento3 153600 960 659.2551047467441 1.0)
(instrumento3 153600 0 277.1826328854959 1.0)
(instrumento3 153600 3840 349.22823624243443 1.0)
(instrumento3 157440 3840 220.0 1.0)
(instrumento3 157440 3840 587.3295317905822 1.0)
(instrumento3 157440 0 174.61411812121722 1.0)
(instrumento3 157440 0 110.0 1.0)
(instrumento3 157440 0 293.6647658952911 1.0)
(instrumento3 157440 1920 146.83238294764556 1.0)
(instrumento3 159360 1920 246.9416438265003 1.0)
(instrumento3 161280 1920 587.3295317905822 1.0)
(instrumento3 161280 1920 698.4564724848689 1.0)
(instrumento3 161280 0 195.99771529167305 1.0)
(instrumento3 161280 2880 130.8127826502993 1.0)
(instrumento3 164160 960 523.2511306011972 1.0)
(instrumento3 165120 960 659.2551047467441 1.0)
(instrumento3 165120 960 783.9908611666922 1.0)
(instrumento3 165120 0 195.99771529167305 1.0)
(instrumento3 165120 2880 523.2511306011972 1.0)
(instrumento3 168000 2880 659.2551047467441 1.0)
(instrumento3 168000 2880 783.9908611666922 1.0)
(instrumento3 168000 2880 1046.5022612023945 1.0)
(instrumento3 168000 2880 261.6255653005986 1.0)
(instrumento3 168001 